11	20.60631329	0.909711563
12	8.185285558	0.358519086
13	6.010174711	0.26199686
14	1.202034942	0.048632048
15	1.144795183	0.046091991
16	1.087555424	0.043551934
17	0.572397591	0.020691418
18	0.572397591	0.020691418
19	0.572397591	0.020691418
110	0.343438555	0.010531189
21	18.56551881	0.819149681
31	22.6409477	0.999999898
32	6.639574106	0.289926931
33	5.112472062	0.222160631
34	1.195123339	0.048325341
35	1.128727598	0.04537898
36	0.995936116	0.039486258
37	0.663957411	0.024754454
38	0.531165928	0.018861732
39	0.398374446	0.01296901
310	0.398374446	0.01296901
311	0.265582964	0.007076289
312	0.132791482	0.001183567
313	0.132791482	0.001183567
41	0.945260249	0.037237479
42	0.270074357	0.007275598
43	0.225061964	0.005278139
44	0.180049571	0.00328068
51	0.318358678	0.009418251
52	0.265298899	0.007063683
53	0.106119559	0
54	0.106119559	0
