#ID	ORF-integrity	ORF-coverage	Instability	T2	C0	PI	ORF-length	AC	T0	G0	C2	A4	G2	TG	A0	TC	G1	C3	T3	A1	GC	T1	G4	C1	G3	A3	Gravy	Hexamer	C4	AG	Fickett	A2	T4	C	G	A	T	table	coding_potential
11	1	0.130329569025	39.1069148936	0.540970381468	0.000230494410511	7.96514892578	1131	0.119064084832	0.000691483231532	0.000576236026276	0.431831278092	0.998156044716	0.425031692981	0.12367450438	0.000115247205255	0.132319041033	0.201682609197	0.733202719834	0.781030310015	0.300334216895	0.0879437528815	0.287196035496	0.999539011179	0.213092082517	0.698743805463	0.757174138527	-0.292819148936	-0.211835737036	0.999884752795	0.142000922084	0.4931	0.58026967846	1.0	0.242249625447	0.251930390688	0.260458683877	0.245361299988	coding	0.999547
12	1	0.214648842026	46.6794722955	0.522975517891	0.0015065913371	6.21514892578	1140	0.128837822565	0.000564971751412	0.000376647834275	0.444821092279	1.0	0.387005649718	0.11263891505	0.000188323917137	0.109436805425	0.191148775895	0.716195856874	0.735216572505	0.302259887006	0.0879638349972	0.249717514124	0.986629001883	0.266854990584	0.624858757062	0.823540489642	-0.105540897098	-0.305519827388	0.999246704331	0.141834620456	0.4994	0.628625235405	0.999435028249	0.230696798493	0.243126177024	0.293973634652	0.232203389831	coding	0.999505
13	1	0.195652173913	37.2962264151	0.555589586524	0.00153139356815	5.27532958984	639	0.119791666667	0.000612557427259	0.000306278713629	0.474119448698	0.998774885145	0.393874425727	0.107536764706	0.00673813169985	0.120710784314	0.154364471669	0.828483920368	0.764165390505	0.304747320061	0.0667892156863	0.302603369066	0.9797856049	0.173047473201	0.67258805513	0.74854517611	-0.110849056604	-0.408493261076	1.0	0.126225490196	0.4851	0.508422664625	0.999081163859	0.209494640123	0.192343032159	0.316692189893	0.281470137825	coding	0.979903
14	1	0.388489208633	62.03608	0.411522633745	0.0082304526749	9.07366943359	378	0.159629248198	0.00411522633745	0.00102880658436	0.515432098765	0.998971193416	0.448559670782	0.101956745623	0.00308641975309	0.176107106076	0.232510288066	0.797325102881	0.75	0.280864197531	0.0751802265705	0.203703703704	0.911522633745	0.269547325103	0.666666666667	0.779835390947	-0.5032	-0.107263001994	1.0	0.13079299691	0.6457	0.585390946502	0.994855967078	0.347736625514	0.229423868313	0.229423868313	0.19341563786	noncoding	0.213713
15	1	0.154936014625	55.0266666667	0.496228571429	0.000228571428571	9.74578857422	678	0.116826703246	0.0016	0.00137142857143	0.524571428571	0.997485714286	0.493257142857	0.125743026978	0.000457142857143	0.126200274348	0.221257142857	0.769828571429	0.761371428571	0.282742857143	0.109967992684	0.272685714286	0.983085714286	0.214857142857	0.738742857143	0.727085714286	-0.538222222222	-0.155674965118	0.999542857143	0.147005029721	0.4718	0.488	1.0	0.255314285714	0.273142857143	0.241828571429	0.229714285714	coding	0.964521
16	-1	0.289682539683	70.895890411	0.451655629139	0.0172185430464	10.446472168	219	0.161803713528	0.00662251655629	0.00264900662252	0.540397350993	1.0	0.435761589404	0.100795755968	0.00132450331126	0.145888594164	0.225165562914	0.788079470199	0.809271523179	0.251655629139	0.0954907161804	0.217218543046	0.903311258278	0.290066225166	0.639735099338	0.78940397351	-0.587671232877	0.0463140639665	0.998675496689	0.147214854111	0.5489	0.541721854305	0.984105960265	0.337748344371	0.24238410596	0.243708609272	0.176158940397	coding	0.921818
17	1	0.0745250852411	68.9382	0.498538011696	0.000974658869396	10.8342895508	153	0.131155533886	0.00925925925926	0.00146198830409	0.549220272904	0.999512670565	0.403996101365	0.126767430522	0.000487329434698	0.138956606533	0.176900584795	0.788499025341	0.754385964912	0.304580896686	0.0960507069722	0.300682261209	0.986842105263	0.219298245614	0.662768031189	0.778752436647	0.298	-0.311377731657	1.0	0.112627986348	0.4434	0.504385964912	0.999025341131	0.253411306043	0.228557504873	0.255360623782	0.262670565302	noncoding	0.0270169
18	-1	0.293320425944	86.3762376238	0.43507751938	0.00193798449612	11.4931030273	303	0.15518913676	0.00290697674419	0.00387596899225	0.540697674419	0.994186046512	0.427325581395	0.100872938894	0.000968992248062	0.172647914646	0.247093023256	0.80523255814	0.771317829457	0.291666666667	0.082444228904	0.226744186047	0.997093023256	0.257751937984	0.630813953488	0.786821705426	-0.641584158416	-0.0442128239869	1.0	0.113482056256	0.7096	0.578488372093	0.999031007752	0.358527131783	0.216085271318	0.22480620155	0.200581395349	noncoding	0.103234
19	1	0.378523489933	62.035828877	0.539288112827	0.000671591672263	5.35003662109	564	0.106182795699	0.0120886501007	0.00134318334453	0.50436534587	0.999328408328	0.451309603761	0.104838709677	0.00402955003358	0.115591397849	0.194761584956	0.78643384822	0.789120214909	0.319677635997	0.111559139785	0.274680993956	0.984553391538	0.149093351242	0.706514439221	0.733378106111	-1.09679144385	-0.19464252985	0.997985224983	0.190860215054	0.9534	0.51914036266	1.0	0.235057085292	0.274009402283	0.288784419073	0.202149093351	coding	0.83418
110	1	0.184487534626	49.9327272727	0.437915742794	0.0177383592018	9.29949951172	333	0.117027176927	0.00166297117517	0.000554323725055	0.645232815965	0.981152993348	0.631374722838	0.107598447033	0.00277161862528	0.129229062673	0.292128603104	0.848115299335	0.629711751663	0.189578713969	0.0765391014975	0.235587583149	0.997228381375	0.366962305987	0.890243902439	0.685144124169	-0.196363636364	-0.288434623344	1.0	0.107043815862	0.5773	0.421840354767	0.99889135255	0.210088691796	0.19844789357	0.288248337029	0.303215077605	noncoding	0.000242251
21	1	0.167789344764	39.7516849817	0.544507962434	0.00122498979175	9.30023193359	822	0.120073514397	0.000612494895876	0.000408329930584	0.489995916701	0.999795835035	0.403225806452	0.111701041454	0.000204164965292	0.134163773739	0.174561045325	0.718252347897	0.765210289914	0.266435279706	0.0498264243414	0.319518170682	0.998979175174	0.216210698244	0.711719069008	0.782564311964	-0.737728937729	-0.32974926167	0.999387505104	0.126403920768	0.3773	0.512658227848	1.0	0.202327480604	0.186402613312	0.322988975092	0.288280930992	coding	0.996464
31	-1	0.144230769231	54.9253846154	0.467998520163	0.00258971513134	12.1779174805	390	0.123982235381	0.00184979652238	0.000369959304477	0.598594154643	0.997410284869	0.538660747318	0.110288675056	0.00295967443581	0.116580310881	0.211616722161	0.823529411765	0.711801701813	0.224195338513	0.102146558105	0.274879763226	0.997040325564	0.320014798372	0.837587865335	0.619311875694	-0.462307692308	-0.224744524395	0.987791342952	0.143227239082	0.4916	0.402885682575	1.0	0.233814280429	0.274139844617	0.246022937477	0.246022937477	noncoding	0.000877606
32	1	0.105246523388	34.2181818182	0.477078722732	0.031615554853	9.55401611328	333	0.113219481341	0.00284539993677	0.00031615554853	0.63231109706	1.0	0.495099588998	0.116065781151	0.00252924438824	0.138203668564	0.223205817262	0.869111602909	0.675940562757	0.215934239646	0.107210626186	0.240278216883	0.999051533354	0.365475814101	0.808093582042	0.655706607651	-0.228181818182	-0.234228279546	0.999683844451	0.120809614168	0.7214	0.408472968701	0.999367688903	0.24723363895	0.238381283592	0.247549794499	0.266835282959	noncoding	0.0216577
33	1	0.0822590546347	42.4819548872	0.564879246828	0.000613999181334	9.96942138672	402	0.117502558854	0.000204666393778	0.000409332787556	0.451698731068	0.997544003275	0.390094146541	0.110747185261	0.00143266475645	0.135516888434	0.158002455997	0.702824396234	0.775480966025	0.296152271797	0.0693961105425	0.34506753991	0.986492018011	0.146950470733	0.701187065084	0.774457634056	-1.48120300752	-0.227982690892	1.0	0.128556806551	0.378	0.510028653295	0.999181334425	0.220630372493	0.203438395415	0.301678264429	0.274252967663	coding	0.943592
34	1	0.0656817372731	89.3704918033	0.498842798647	0.00818942495994	6.26019287109	369	0.112535612536	0.00017803097739	0.00089015488695	0.519494392024	0.999465907068	0.474630585722	0.119123931624	0.00035606195478	0.142628205128	0.232508456471	0.770518070144	0.771942317963	0.204023500089	0.0649928774929	0.280754851344	0.999109845113	0.262061598718	0.737048246395	0.733665657824	0.0459016393443	-0.264483259012	1.0	0.135861823362	0.3813	0.504361758946	0.999643938045	0.21826597828	0.218087947303	0.272387395407	0.29125867901	noncoding	0.0205928
35	1	0.638023630505	70.7614213198	0.6	0.00430107526882	4.19097900391	594	0.124865446717	0.00537634408602	0.00967741935484	0.512903225806	0.998924731183	0.387096774194	0.103336921421	0.0010752688172	0.131324004306	0.206451612903	0.783870967742	0.82688172043	0.258064516129	0.100107642626	0.372043010753	0.978494623656	0.260215053763	0.601075268817	0.80752688172	-0.830964467005	-0.274136864867	1.0	0.162540365985	0.7587	0.538709677419	0.996774193548	0.278494623656	0.278494623656	0.247311827957	0.195698924731	coding	0.933917
36	1	0.0410295374679	61.2251748252	0.495345744681	0.00921352583587	3.60150146484	432	0.115227510212	0.00056990881459	0.000189969604863	0.573708206687	0.999905015198	0.585486322188	0.126056806308	9.49848024316e-05	0.138500997435	0.29568768997	0.79217325228	0.749905015198	0.196523556231	0.0607010544315	0.246770516717	1.0	0.289133738602	0.807275835866	0.657484802432	0.538461538462	-0.37072484666	0.999810030395	0.122067065641	0.3825	0.413468844985	0.999240121581	0.20507218845	0.212860942249	0.278495440729	0.303571428571	noncoding	0.0317035
37	1	0.426408746846	49.2523809524	0.537878787879	0.0016835016835	9.93450927734	507	0.162594776748	0.00252525252525	0.000841750841751	0.462962962963	0.997474747475	0.46632996633	0.112047177759	0.00925925925926	0.121314237574	0.220538720539	0.757575757576	0.794612794613	0.280303030303	0.143218197136	0.266835016835	0.993265993266	0.16835016835	0.645622895623	0.79797979798	-0.188095238095	-0.297529472161	1.0	0.114574557709	0.5409	0.56228956229	0.989057239057	0.308080808081	0.259259259259	0.244949494949	0.18771043771	coding	0.694613
38	1	0.116367076632	33.0666666667	0.494084240416	0.00331282536678	7.53240966797	246	0.123579545455	0.00189304306673	0.000473260766682	0.566019876952	0.9985802177	0.513961192617	0.142518939394	0.000946521533365	0.145359848485	0.247515380975	0.783246568859	0.741126360625	0.238523426408	0.0738636363636	0.227165168008	0.998106956933	0.285849503076	0.747752011358	0.723615712257	0.279012345679	-0.305055390696	0.999526739233	0.126893939394	0.451	0.452437292948	1.0	0.224325603407	0.238996687175	0.256034074775	0.280643634643	noncoding	0.0274994
39	1	0.0933086751849	45.3527717391	0.48713637128	0.00386749621658	8.91302490234	555	0.125294315506	0.00117706406592	0.000168152009417	0.547839246679	0.996805111821	0.515217756852	0.129667003027	0.00168152009417	0.130676084763	0.297629056667	0.788969228182	0.732470153018	0.210694467799	0.0961991254625	0.226668908693	0.999327391962	0.300823944846	0.758365562468	0.702202791323	0.0369565217391	-0.193185837104	1.0	0.147325933401	0.4788	0.437195224483	0.999831847991	0.244661173701	0.267361694972	0.248360517908	0.239616613419	noncoding	0.0626581
310	1	0.151376146789	42.6330985915	0.607130250618	0.00141193081539	9.17010498047	429	0.146186440678	0.00423579244617	0.000352982703848	0.466290151783	0.998941051888	0.438757500882	0.128177966102	0.00105894811154	0.118644067797	0.21284857042	0.729262266149	0.795270031768	0.284504059301	0.0752118644068	0.305330038828	0.995058242146	0.221673138016	0.725379456407	0.712672079068	-0.639436619718	-0.348878667468	1.0	0.128177966102	0.5365	0.515707730321	0.999294034592	0.241440169432	0.231909636428	0.280621249559	0.246028944582	noncoding	0.377974
311	1	0.188065099458	57.3241545894	0.514018691589	0.00241181790775	11.9728393555	624	0.134499396864	0.000301477238468	0.000602954476937	0.50979801025	0.999397045523	0.466385287911	0.114294330519	0.000904431715405	0.145657418577	0.211938498643	0.701839011155	0.788362978595	0.268314742237	0.0946924004825	0.265299969852	0.994573409708	0.254748266506	0.701236056678	0.804341272234	-0.282125603865	-0.0926691715098	0.999698522762	0.13902291918	0.5252	0.504672897196	1.0	0.270425082906	0.238468495629	0.255652698221	0.235453723244	noncoding	0.400753
312	-1	0.230769230769	72.4818181818	0.43	0.001	10.5337524414	231	0.161161161161	0.004	0.002	0.499	0.996	0.464	0.106106106106	0.012	0.168168168168	0.257	0.789	0.775	0.281	0.0810810810811	0.216	0.99	0.227	0.681	0.777	-0.427272727273	-0.198850069665	1.0	0.123123123123	0.4831	0.586	0.986	0.343	0.224	0.231	0.202	noncoding	0.0875124
313	1	0.157068062827	74.1303370787	0.513969732247	0.0011641443539	11.2385864258	270	0.131042516016	0.00058207217695	0.0034924330617	0.535506402794	0.991268917346	0.453434225844	0.152591729761	0.00291036088475	0.136866627839	0.218859138533	0.774155995343	0.76717112922	0.261350407451	0.11939429237	0.238649592549	0.996507566938	0.282887077998	0.674621653085	0.81490104773	-0.267415730337	-0.108037505126	1.0	0.129877693652	0.5871	0.54016298021	0.999417927823	0.268335273574	0.329452852154	0.193247962747	0.208963911525	noncoding	0.00107962
41	1	0.468072289157	60.0163178295	0.433996383363	0.00602772754671	8.61114501953	777	0.15138721351	0.00180831826401	0.000602772754671	0.578661844485	0.996383363472	0.560578661844	0.0983112183353	0.00120554550934	0.140530759952	0.307414104882	0.79746835443	0.676311030741	0.184448462929	0.0609167671894	0.189270644967	0.950572634117	0.399035563593	0.746835443038	0.751054852321	-0.322093023256	-0.109148227951	1.0	0.115199034982	0.5284	0.367088607595	0.997588908981	0.286317058469	0.197709463532	0.28390596745	0.232067510549	noncoding	0.219605
42	1	0.462732919255	54.8070707071	0.487312273433	0.045054375971	6.18218994141	894	0.112435233161	0.00414293112377	0.000517866390471	0.511651993786	0.998446400829	0.460901087519	0.150259067358	0.00207146556189	0.124352331606	0.221646815122	0.74676333506	0.756602796479	0.25323666494	0.106735751295	0.273433454169	0.99948213361	0.26359399275	0.706887622993	0.789746245469	0.139057239057	-0.296746567498	0.997928534438	0.146632124352	0.5305	0.564992232004	1.0	0.250129466598	0.324702226825	0.194717762817	0.23045054376	noncoding	0.228979
43	1	0.0851063829787	29.5921568627	0.480895196507	0.0196506550218	5.33538818359	156	0.125614418351	0.00436681222707	0.000545851528384	0.525109170306	0.998908296943	0.522379912664	0.129983615511	0.00109170305677	0.141452758056	0.28384279476	0.740174672489	0.752183406114	0.187227074236	0.0709994538504	0.227074235808	0.999454148472	0.308951965066	0.736899563319	0.760917030568	-0.0549019607843	-0.231242262606	0.991812227074	0.126160567996	0.4651	0.450873362445	1.0	0.21288209607	0.224344978166	0.265829694323	0.296943231441	noncoding	0.00152626
44	1	0.495098039216	40.5748344371	0.483378746594	0.0359673024523	6.39324951172	909	0.118320610687	0.00435967302452	0.000544959128065	0.539509536785	0.990735694823	0.464305177112	0.159214830971	0.00599455040872	0.137949836423	0.211444141689	0.789100817439	0.761852861035	0.297002724796	0.112322791712	0.25340599455	0.995095367847	0.271389645777	0.673024523161	0.805994550409	-0.064238410596	-0.0965536915893	0.999455040872	0.130861504907	0.9623	0.570572207084	1.0	0.265395095368	0.325340599455	0.179836512262	0.229427792916	coding	0.913876
51	1	0.13064516129	31.8186915888	0.470754336426	0.0157321500605	9.14776611328	324	0.135189669088	0.00242033077854	0.00040338846309	0.604679306172	0.997579669221	0.393303751513	0.114608555287	0.00121016538927	0.128329297821	0.18152480839	0.803549818475	0.710770471965	0.356998789835	0.0839386602098	0.238402581686	0.995562726906	0.2819685357	0.715207745058	0.759177087535	0.0355140186916	-0.330392707007	1.0	0.1400322841	0.5207	0.555465913675	0.998386446148	0.265429608713	0.26502622025	0.249697458653	0.219846712384	noncoding	0.0138415
52	1	0.408678102926	63.865	0.427272727273	0.00505050505051	8.95159912109	405	0.153690596562	0.0030303030303	0.0010101010101	0.5	0.991919191919	0.452525252525	0.106167846309	0.0040404040404	0.169868554095	0.254545454545	0.790909090909	0.772727272727	0.286868686869	0.0788675429727	0.211111111111	0.918181818182	0.241414141414	0.675757575758	0.787878787879	-0.176865671642	0.0257517673011	1.0	0.12537917088	0.6766	0.59797979798	0.993939393939	0.335353535354	0.228282828283	0.229292929293	0.207070707071	noncoding	0.185154
53	1	0.390899689762	64.11768	0.437888198758	0.00103519668737	7.64642333984	378	0.162694300518	0.0165631469979	0.00414078674948	0.507246376812	0.991718426501	0.443064182195	0.100518134715	0.00310559006211	0.169948186528	0.218426501035	0.789855072464	0.768115942029	0.298136645963	0.0943005181347	0.242236024845	0.915113871636	0.256728778468	0.658385093168	0.795031055901	-0.1664	-0.209262062815	1.0	0.128497409326	0.6546	0.596273291925	0.993788819876	0.339544513458	0.228778467909	0.239130434783	0.192546583851	noncoding	0.0551074
54	1	0.397993311037	44.9957805907	0.461238148355	0.0128276631344	5.19036865234	714	0.116629464286	0.00167317345231	0.000557724484105	0.56385945343	0.99051868377	0.462353597323	0.151785714286	0.00111544896821	0.123325892857	0.203011712214	0.786949247072	0.73229224763	0.23368655884	0.107700892857	0.238706079197	0.998884551032	0.316787506972	0.696040156163	0.803680981595	0.416033755274	-0.0766961835699	1.0	0.1484375	0.8492	0.539877300613	0.999442275516	0.253764640268	0.327941996654	0.189626324596	0.228667038483	coding	0.587946
